# 拓扑地图文件 (UTF-8编码)
# 格式: 节点ID X Y Z 标签 路径索引
# Topology Nodes
0 -0.043295 -0.069053 -0.045483 node_ 0
1 0.000709 -0.002058 -0.000017 node_ 10
2 3.329176 -0.008652 0.235399 node_ 20
3 7.017150 -0.399686 1.728119 node_ 30
4 9.959314 -1.111499 2.044370 node_ 40
5 10.976206 -5.324836 2.095735 node_ 50
6 11.004571 -10.557182 2.170150 node_ 60
7 10.684901 -15.103434 2.256328 node_ 70
8 10.487087 -20.195197 2.320382 node_ 80
9 10.489043 -25.342233 2.400013 node_ 90
10 12.067017 -30.281504 2.486010 node_ 100
11 13.355917 -33.240148 2.483601 node_ 110
12 17.056330 -36.915419 2.421150 node_ 120
13 24.226309 -39.322403 2.392734 node_ 130
14 32.137970 -39.921726 2.376023 node_ 140
15 39.989540 -39.897628 2.355412 node_ 150
16 46.839629 -36.836819 2.390037 node_ 160
17 50.005018 -29.548319 2.404771 node_ 170
18 52.214134 -22.053847 2.311937 node_ 180
19 53.166130 -14.303089 2.226865 node_ 190
20 50.838338 -6.821795 2.115500 node_ 200
21 44.000681 -3.573483 2.031139 node_ 210
22 36.128054 -4.354302 2.076200 node_ 220
23 28.351147 -5.791997 2.102028 node_ 230
24 20.769411 -4.800760 2.067102 node_ 240
25 19.662824 2.847107 1.963716 node_ 250
26 20.636777 10.556999 1.854742 node_ 260
27 15.294159 14.656810 1.804844 node_ 270
28 13.096334 7.151002 1.906110 node_ 280
29 10.963370 1.257668 2.003060 node_ 290
30 10.957910 1.261843 2.003448 node_ 295
30 10.957910 1.261843 2.003448 node_ 295
# 格式: 边ID 起始节点ID 结束节点ID 权重 类型 双向
# Topology Edges
0 0 1 0.092151 auto 1
1 1 2 3.336788 auto 1
2 2 3 3.997784 auto 1
3 3 4 3.043521 auto 1
4 4 5 4.334618 auto 1
5 5 6 5.232952 auto 1
6 6 7 4.558291 auto 1
7 7 8 5.096007 auto 1
8 8 9 5.147652 auto 1
9 9 10 5.185923 auto 1
10 10 11 3.227203 auto 1
11 11 12 5.215800 auto 1
12 12 13 7.563265 auto 1
13 13 14 7.934346 auto 1
14 14 15 7.851634 auto 1
15 15 16 7.502897 auto 1
16 16 17 7.946203 auto 1
17 17 18 7.813829 auto 1
18 18 19 7.809467 auto 1
19 19 20 7.835865 auto 1
20 20 21 7.570482 auto 1
21 21 22 7.911382 auto 1
22 22 23 7.908724 auto 1
23 23 24 7.646339 auto 1
24 24 25 7.728202 auto 1
25 25 26 7.771930 auto 1
26 26 27 6.734576 auto 1
27 27 28 7.821627 auto 1
28 28 29 6.268200 auto 1
29 29 30 0.006884 auto 1
29 30 30 0.000000 auto 1
